98 94.03467029231817
99 94.01767505098573
97 94.00067980965329
90 93.98368456832087
96 93.98368456832087
88 93.98368456832087
91 93.98368456832087
92 93.96668932698844
94 93.96668932698844
82 93.96668932698844
95 93.96668932698844
89 93.96668932698844
93 93.96668932698844
78 93.94969408565603
75 93.949694085656
76 93.9326988443236
77 93.9326988443236
72 93.9326988443236
73 93.9326988443236
71 93.93269884432358
70 93.93269884432358
85 93.91570360299116
81 93.91570360299116
79 93.91570360299116
87 93.91570360299116
80 93.91570360299116
74 93.91570360299116
69 93.89870836165873
86 93.88171312032631
83 93.83072739632902
84 93.83072739632902
68 93.76274643099931
67 93.72875594833447
65 93.66077498300476
66 93.66077498300476
63 93.64377974167233
62 93.64377974167232
64 93.62678450033991
61 93.60978925900747
60 93.59279401767506
59 93.5588035350102
58 93.5588035350102
57 93.5588035350102
55 93.54180829367778
56 93.54180829367778
53 93.50781781101291
54 93.49082256968049
52 93.43983684568322
51 93.4228416043508
50 93.38885112168592
49 93.33786539768863
48 93.28687967369136
47 93.21889870836165
46 93.16791298436439
44 92.96397008837526
45 92.94697484704282
40 92.84500339904827
42 92.77702243371857
37 92.7430319510537
38 92.70904146838885
39 92.69204622705642
43 92.675050985724
41 92.675050985724
34 92.65805574439158
35 92.64106050305915
36 92.64106050305914
33 92.55608429639702
32 92.53908905506458
31 92.4201223657376
30 92.16519374575118
27 92.09721278042149
29 92.09721278042147
28 92.0462270564242
26 91.99524133242693
25 91.94425560842964
24 91.7912984364378
23 91.67233174711082
22 91.00951733514614
19 90.65261726716518
21 90.51665533650579
20 90.43167912984364
18 90.41468388851122
17 90.17675050985724
15 90.05778382053026
16 89.8368456832087
13 89.54792658055744
14 89.5139360978926
4 88.6981645139361
12 88.29027872195786
11 88.27328348062542
10 88.256288239293
9 88.0013596193066
3 87.83140720598233
8 87.64445955132562
7 87.28755948334467
2 86.47178789938818
5 86.35282121006118
6 86.31883072739633
1 82.78382053025153
0 76.7675050985724
